{
 "cells": [
  {
   "cell_type": "markdown",
   "id": "84f61843",
   "metadata": {},
   "source": [
    "### Environmental Health Project Part 1 - Problem 3 (Extract linear relationship by doing linear regression)\n",
    "#### Author: Kenneth Cochran\n",
    "#### Date written: 3/24/23"
   ]
  },
  {
   "cell_type": "code",
   "execution_count": 1,
   "id": "e77d1f27",
   "metadata": {},
   "outputs": [
    {
     "name": "stdout",
     "output_type": "stream",
     "text": [
      "P-values for the F statistic\n"
     ]
    },
    {
     "data": {
      "text/html": [
       "<div>\n",
       "<style scoped>\n",
       "    .dataframe tbody tr th:only-of-type {\n",
       "        vertical-align: middle;\n",
       "    }\n",
       "\n",
       "    .dataframe tbody tr th {\n",
       "        vertical-align: top;\n",
       "    }\n",
       "\n",
       "    .dataframe thead th {\n",
       "        text-align: right;\n",
       "    }\n",
       "</style>\n",
       "<table border=\"1\" class=\"dataframe\">\n",
       "  <thead>\n",
       "    <tr style=\"text-align: right;\">\n",
       "      <th></th>\n",
       "      <th>WTSB2YR</th>\n",
       "      <th>LBXPFDE</th>\n",
       "      <th>LBDPFDEL</th>\n",
       "      <th>LBXPFHS</th>\n",
       "      <th>LBDPFHSL</th>\n",
       "      <th>LBXMPAH</th>\n",
       "      <th>LBDMPAHL</th>\n",
       "      <th>LBXPFNA</th>\n",
       "      <th>LBDPFNAL</th>\n",
       "      <th>LBXPFUA</th>\n",
       "      <th>LBDPFUAL</th>\n",
       "      <th>LBXNFOA</th>\n",
       "      <th>LBDNFOAL</th>\n",
       "      <th>LBXBFOA</th>\n",
       "      <th>LBDBFOAL</th>\n",
       "      <th>LBXNFOS</th>\n",
       "      <th>LBDNFOSL</th>\n",
       "      <th>LBXMFOS</th>\n",
       "      <th>LBDMFOSL</th>\n",
       "    </tr>\n",
       "  </thead>\n",
       "  <tbody>\n",
       "    <tr>\n",
       "      <th>WTSB2YR</th>\n",
       "      <td>0.000000</td>\n",
       "      <td>1.216565e-02</td>\n",
       "      <td>8.742231e-02</td>\n",
       "      <td>6.738398e-01</td>\n",
       "      <td>2.447543e-01</td>\n",
       "      <td>6.202776e-01</td>\n",
       "      <td>6.044106e-02</td>\n",
       "      <td>7.042343e-01</td>\n",
       "      <td>3.184958e-01</td>\n",
       "      <td>3.438658e-05</td>\n",
       "      <td>6.894711e-01</td>\n",
       "      <td>4.190357e-01</td>\n",
       "      <td>2.259430e-01</td>\n",
       "      <td>0.916885</td>\n",
       "      <td>0.585679</td>\n",
       "      <td>6.178785e-05</td>\n",
       "      <td>2.429183e-01</td>\n",
       "      <td>3.419059e-01</td>\n",
       "      <td>1.586800e-01</td>\n",
       "    </tr>\n",
       "    <tr>\n",
       "      <th>LBXPFDE</th>\n",
       "      <td>0.012166</td>\n",
       "      <td>0.000000e+00</td>\n",
       "      <td>4.022266e-19</td>\n",
       "      <td>3.549814e-09</td>\n",
       "      <td>1.127461e-01</td>\n",
       "      <td>3.627985e-06</td>\n",
       "      <td>2.398585e-03</td>\n",
       "      <td>3.699566e-249</td>\n",
       "      <td>2.734041e-10</td>\n",
       "      <td>0.000000e+00</td>\n",
       "      <td>7.748586e-43</td>\n",
       "      <td>2.090434e-52</td>\n",
       "      <td>1.347088e-01</td>\n",
       "      <td>0.995432</td>\n",
       "      <td>0.984848</td>\n",
       "      <td>4.428897e-272</td>\n",
       "      <td>1.662319e-01</td>\n",
       "      <td>7.133078e-72</td>\n",
       "      <td>2.603343e-02</td>\n",
       "    </tr>\n",
       "    <tr>\n",
       "      <th>LBDPFDEL</th>\n",
       "      <td>0.087422</td>\n",
       "      <td>4.022266e-19</td>\n",
       "      <td>0.000000e+00</td>\n",
       "      <td>5.141260e-07</td>\n",
       "      <td>4.385772e-14</td>\n",
       "      <td>6.925563e-03</td>\n",
       "      <td>2.535216e-13</td>\n",
       "      <td>4.172597e-32</td>\n",
       "      <td>1.899994e-119</td>\n",
       "      <td>9.528374e-12</td>\n",
       "      <td>3.634396e-98</td>\n",
       "      <td>1.821827e-13</td>\n",
       "      <td>7.736845e-14</td>\n",
       "      <td>0.137252</td>\n",
       "      <td>0.866875</td>\n",
       "      <td>1.979109e-16</td>\n",
       "      <td>4.805563e-12</td>\n",
       "      <td>2.617623e-20</td>\n",
       "      <td>1.358466e-22</td>\n",
       "    </tr>\n",
       "    <tr>\n",
       "      <th>LBXPFHS</th>\n",
       "      <td>0.673840</td>\n",
       "      <td>3.549814e-09</td>\n",
       "      <td>5.141260e-07</td>\n",
       "      <td>0.000000e+00</td>\n",
       "      <td>2.057209e-02</td>\n",
       "      <td>1.781187e-03</td>\n",
       "      <td>6.775958e-03</td>\n",
       "      <td>2.128936e-21</td>\n",
       "      <td>5.312075e-07</td>\n",
       "      <td>1.752720e-17</td>\n",
       "      <td>2.524898e-04</td>\n",
       "      <td>1.315075e-92</td>\n",
       "      <td>9.077259e-02</td>\n",
       "      <td>0.669532</td>\n",
       "      <td>0.425744</td>\n",
       "      <td>1.951596e-41</td>\n",
       "      <td>1.164654e-01</td>\n",
       "      <td>8.273241e-55</td>\n",
       "      <td>1.353268e-02</td>\n",
       "    </tr>\n",
       "    <tr>\n",
       "      <th>LBDPFHSL</th>\n",
       "      <td>0.244754</td>\n",
       "      <td>1.127461e-01</td>\n",
       "      <td>4.385772e-14</td>\n",
       "      <td>2.057209e-02</td>\n",
       "      <td>0.000000e+00</td>\n",
       "      <td>2.580786e-01</td>\n",
       "      <td>1.307300e-03</td>\n",
       "      <td>2.810656e-03</td>\n",
       "      <td>1.311831e-17</td>\n",
       "      <td>2.437152e-01</td>\n",
       "      <td>7.024807e-03</td>\n",
       "      <td>4.426671e-03</td>\n",
       "      <td>1.715138e-211</td>\n",
       "      <td>0.607806</td>\n",
       "      <td>0.011873</td>\n",
       "      <td>1.484979e-02</td>\n",
       "      <td>4.999992e-260</td>\n",
       "      <td>7.729233e-04</td>\n",
       "      <td>1.601705e-112</td>\n",
       "    </tr>\n",
       "    <tr>\n",
       "      <th>LBXMPAH</th>\n",
       "      <td>0.620278</td>\n",
       "      <td>3.627985e-06</td>\n",
       "      <td>6.925563e-03</td>\n",
       "      <td>1.781187e-03</td>\n",
       "      <td>2.580786e-01</td>\n",
       "      <td>0.000000e+00</td>\n",
       "      <td>5.482862e-53</td>\n",
       "      <td>9.057528e-17</td>\n",
       "      <td>1.024298e-04</td>\n",
       "      <td>9.168905e-04</td>\n",
       "      <td>8.346154e-03</td>\n",
       "      <td>7.671387e-06</td>\n",
       "      <td>2.988431e-01</td>\n",
       "      <td>0.003311</td>\n",
       "      <td>0.507413</td>\n",
       "      <td>1.214987e-24</td>\n",
       "      <td>3.392548e-01</td>\n",
       "      <td>1.290847e-45</td>\n",
       "      <td>2.441593e-01</td>\n",
       "    </tr>\n",
       "    <tr>\n",
       "      <th>LBDMPAHL</th>\n",
       "      <td>0.060441</td>\n",
       "      <td>2.398585e-03</td>\n",
       "      <td>2.535216e-13</td>\n",
       "      <td>6.775958e-03</td>\n",
       "      <td>1.307300e-03</td>\n",
       "      <td>5.482862e-53</td>\n",
       "      <td>0.000000e+00</td>\n",
       "      <td>1.082440e-07</td>\n",
       "      <td>3.151677e-11</td>\n",
       "      <td>1.634362e-01</td>\n",
       "      <td>1.167254e-05</td>\n",
       "      <td>5.369797e-03</td>\n",
       "      <td>1.582699e-02</td>\n",
       "      <td>0.092449</td>\n",
       "      <td>0.136477</td>\n",
       "      <td>8.160602e-09</td>\n",
       "      <td>3.450291e-02</td>\n",
       "      <td>1.064694e-17</td>\n",
       "      <td>2.317813e-02</td>\n",
       "    </tr>\n",
       "    <tr>\n",
       "      <th>LBXPFNA</th>\n",
       "      <td>0.704234</td>\n",
       "      <td>3.699566e-249</td>\n",
       "      <td>4.172597e-32</td>\n",
       "      <td>2.128936e-21</td>\n",
       "      <td>2.810656e-03</td>\n",
       "      <td>9.057528e-17</td>\n",
       "      <td>1.082440e-07</td>\n",
       "      <td>0.000000e+00</td>\n",
       "      <td>3.255755e-32</td>\n",
       "      <td>8.023072e-213</td>\n",
       "      <td>1.027077e-58</td>\n",
       "      <td>1.404475e-100</td>\n",
       "      <td>1.395658e-02</td>\n",
       "      <td>0.549536</td>\n",
       "      <td>0.313197</td>\n",
       "      <td>1.163359e-160</td>\n",
       "      <td>2.289580e-02</td>\n",
       "      <td>2.252051e-119</td>\n",
       "      <td>2.572047e-04</td>\n",
       "    </tr>\n",
       "    <tr>\n",
       "      <th>LBDPFNAL</th>\n",
       "      <td>0.318496</td>\n",
       "      <td>2.734041e-10</td>\n",
       "      <td>1.899994e-119</td>\n",
       "      <td>5.312075e-07</td>\n",
       "      <td>1.311831e-17</td>\n",
       "      <td>1.024298e-04</td>\n",
       "      <td>3.151677e-11</td>\n",
       "      <td>3.255755e-32</td>\n",
       "      <td>0.000000e+00</td>\n",
       "      <td>3.057959e-07</td>\n",
       "      <td>1.030531e-39</td>\n",
       "      <td>3.301223e-13</td>\n",
       "      <td>5.568391e-21</td>\n",
       "      <td>0.219243</td>\n",
       "      <td>0.322401</td>\n",
       "      <td>8.237619e-13</td>\n",
       "      <td>3.820558e-18</td>\n",
       "      <td>7.984342e-21</td>\n",
       "      <td>1.997581e-35</td>\n",
       "    </tr>\n",
       "    <tr>\n",
       "      <th>LBXPFUA</th>\n",
       "      <td>0.000034</td>\n",
       "      <td>0.000000e+00</td>\n",
       "      <td>9.528374e-12</td>\n",
       "      <td>1.752720e-17</td>\n",
       "      <td>2.437152e-01</td>\n",
       "      <td>9.168905e-04</td>\n",
       "      <td>1.634362e-01</td>\n",
       "      <td>8.023072e-213</td>\n",
       "      <td>3.057959e-07</td>\n",
       "      <td>0.000000e+00</td>\n",
       "      <td>2.472172e-46</td>\n",
       "      <td>3.581948e-57</td>\n",
       "      <td>2.585995e-01</td>\n",
       "      <td>0.882891</td>\n",
       "      <td>0.864494</td>\n",
       "      <td>1.998296e-203</td>\n",
       "      <td>2.780824e-01</td>\n",
       "      <td>2.238158e-43</td>\n",
       "      <td>1.097956e-01</td>\n",
       "    </tr>\n",
       "    <tr>\n",
       "      <th>LBDPFUAL</th>\n",
       "      <td>0.689471</td>\n",
       "      <td>7.748586e-43</td>\n",
       "      <td>3.634396e-98</td>\n",
       "      <td>2.524898e-04</td>\n",
       "      <td>7.024807e-03</td>\n",
       "      <td>8.346154e-03</td>\n",
       "      <td>1.167254e-05</td>\n",
       "      <td>1.027077e-58</td>\n",
       "      <td>1.030531e-39</td>\n",
       "      <td>2.472172e-46</td>\n",
       "      <td>0.000000e+00</td>\n",
       "      <td>2.073154e-14</td>\n",
       "      <td>3.752043e-03</td>\n",
       "      <td>0.847820</td>\n",
       "      <td>0.210201</td>\n",
       "      <td>4.042544e-32</td>\n",
       "      <td>6.159676e-04</td>\n",
       "      <td>8.684101e-24</td>\n",
       "      <td>5.886884e-05</td>\n",
       "    </tr>\n",
       "    <tr>\n",
       "      <th>LBXNFOA</th>\n",
       "      <td>0.419036</td>\n",
       "      <td>2.090434e-52</td>\n",
       "      <td>1.821827e-13</td>\n",
       "      <td>1.315075e-92</td>\n",
       "      <td>4.426671e-03</td>\n",
       "      <td>7.671387e-06</td>\n",
       "      <td>5.369797e-03</td>\n",
       "      <td>1.404475e-100</td>\n",
       "      <td>3.301223e-13</td>\n",
       "      <td>3.581948e-57</td>\n",
       "      <td>2.073154e-14</td>\n",
       "      <td>0.000000e+00</td>\n",
       "      <td>2.281975e-02</td>\n",
       "      <td>0.007857</td>\n",
       "      <td>0.689662</td>\n",
       "      <td>2.778021e-29</td>\n",
       "      <td>3.572382e-02</td>\n",
       "      <td>7.060924e-58</td>\n",
       "      <td>1.647223e-03</td>\n",
       "    </tr>\n",
       "    <tr>\n",
       "      <th>LBDNFOAL</th>\n",
       "      <td>0.225943</td>\n",
       "      <td>1.347088e-01</td>\n",
       "      <td>7.736845e-14</td>\n",
       "      <td>9.077259e-02</td>\n",
       "      <td>1.715138e-211</td>\n",
       "      <td>2.988431e-01</td>\n",
       "      <td>1.582699e-02</td>\n",
       "      <td>1.395658e-02</td>\n",
       "      <td>5.568391e-21</td>\n",
       "      <td>2.585995e-01</td>\n",
       "      <td>3.752043e-03</td>\n",
       "      <td>2.281975e-02</td>\n",
       "      <td>0.000000e+00</td>\n",
       "      <td>0.896623</td>\n",
       "      <td>0.003563</td>\n",
       "      <td>5.473049e-02</td>\n",
       "      <td>0.000000e+00</td>\n",
       "      <td>1.127562e-02</td>\n",
       "      <td>5.303248e-163</td>\n",
       "    </tr>\n",
       "    <tr>\n",
       "      <th>LBXBFOA</th>\n",
       "      <td>0.916885</td>\n",
       "      <td>9.954320e-01</td>\n",
       "      <td>1.372519e-01</td>\n",
       "      <td>6.695324e-01</td>\n",
       "      <td>6.078061e-01</td>\n",
       "      <td>3.311484e-03</td>\n",
       "      <td>9.244924e-02</td>\n",
       "      <td>5.495355e-01</td>\n",
       "      <td>2.192428e-01</td>\n",
       "      <td>8.828912e-01</td>\n",
       "      <td>8.478197e-01</td>\n",
       "      <td>7.856689e-03</td>\n",
       "      <td>8.966232e-01</td>\n",
       "      <td>0.000000</td>\n",
       "      <td>0.000000</td>\n",
       "      <td>5.814197e-01</td>\n",
       "      <td>9.682669e-01</td>\n",
       "      <td>6.682426e-01</td>\n",
       "      <td>5.232444e-01</td>\n",
       "    </tr>\n",
       "    <tr>\n",
       "      <th>LBDBFOAL</th>\n",
       "      <td>0.585679</td>\n",
       "      <td>9.848480e-01</td>\n",
       "      <td>8.668749e-01</td>\n",
       "      <td>4.257443e-01</td>\n",
       "      <td>1.187321e-02</td>\n",
       "      <td>5.074127e-01</td>\n",
       "      <td>1.364773e-01</td>\n",
       "      <td>3.131969e-01</td>\n",
       "      <td>3.224013e-01</td>\n",
       "      <td>8.644944e-01</td>\n",
       "      <td>2.102010e-01</td>\n",
       "      <td>6.896620e-01</td>\n",
       "      <td>3.562657e-03</td>\n",
       "      <td>0.000000</td>\n",
       "      <td>0.000000</td>\n",
       "      <td>1.378851e-01</td>\n",
       "      <td>5.541689e-02</td>\n",
       "      <td>2.609837e-01</td>\n",
       "      <td>7.327539e-01</td>\n",
       "    </tr>\n",
       "    <tr>\n",
       "      <th>LBXNFOS</th>\n",
       "      <td>0.000062</td>\n",
       "      <td>4.428897e-272</td>\n",
       "      <td>1.979109e-16</td>\n",
       "      <td>1.951596e-41</td>\n",
       "      <td>1.484979e-02</td>\n",
       "      <td>1.214987e-24</td>\n",
       "      <td>8.160602e-09</td>\n",
       "      <td>1.163359e-160</td>\n",
       "      <td>8.237619e-13</td>\n",
       "      <td>1.998296e-203</td>\n",
       "      <td>4.042544e-32</td>\n",
       "      <td>2.778021e-29</td>\n",
       "      <td>5.473049e-02</td>\n",
       "      <td>0.581420</td>\n",
       "      <td>0.137885</td>\n",
       "      <td>0.000000e+00</td>\n",
       "      <td>7.399356e-02</td>\n",
       "      <td>3.051583e-262</td>\n",
       "      <td>4.681199e-03</td>\n",
       "    </tr>\n",
       "    <tr>\n",
       "      <th>LBDNFOSL</th>\n",
       "      <td>0.242918</td>\n",
       "      <td>1.662319e-01</td>\n",
       "      <td>4.805563e-12</td>\n",
       "      <td>1.164654e-01</td>\n",
       "      <td>4.999992e-260</td>\n",
       "      <td>3.392548e-01</td>\n",
       "      <td>3.450291e-02</td>\n",
       "      <td>2.289580e-02</td>\n",
       "      <td>3.820558e-18</td>\n",
       "      <td>2.780824e-01</td>\n",
       "      <td>6.159676e-04</td>\n",
       "      <td>3.572382e-02</td>\n",
       "      <td>0.000000e+00</td>\n",
       "      <td>0.968267</td>\n",
       "      <td>0.055417</td>\n",
       "      <td>7.399356e-02</td>\n",
       "      <td>0.000000e+00</td>\n",
       "      <td>1.906903e-02</td>\n",
       "      <td>3.768553e-127</td>\n",
       "    </tr>\n",
       "    <tr>\n",
       "      <th>LBXMFOS</th>\n",
       "      <td>0.341906</td>\n",
       "      <td>7.133078e-72</td>\n",
       "      <td>2.617623e-20</td>\n",
       "      <td>8.273241e-55</td>\n",
       "      <td>7.729233e-04</td>\n",
       "      <td>1.290847e-45</td>\n",
       "      <td>1.064694e-17</td>\n",
       "      <td>2.252051e-119</td>\n",
       "      <td>7.984342e-21</td>\n",
       "      <td>2.238158e-43</td>\n",
       "      <td>8.684101e-24</td>\n",
       "      <td>7.060924e-58</td>\n",
       "      <td>1.127562e-02</td>\n",
       "      <td>0.668243</td>\n",
       "      <td>0.260984</td>\n",
       "      <td>3.051583e-262</td>\n",
       "      <td>1.906903e-02</td>\n",
       "      <td>0.000000e+00</td>\n",
       "      <td>1.161643e-04</td>\n",
       "    </tr>\n",
       "    <tr>\n",
       "      <th>LBDMFOSL</th>\n",
       "      <td>0.158680</td>\n",
       "      <td>2.603343e-02</td>\n",
       "      <td>1.358466e-22</td>\n",
       "      <td>1.353268e-02</td>\n",
       "      <td>1.601705e-112</td>\n",
       "      <td>2.441593e-01</td>\n",
       "      <td>2.317813e-02</td>\n",
       "      <td>2.572047e-04</td>\n",
       "      <td>1.997581e-35</td>\n",
       "      <td>1.097956e-01</td>\n",
       "      <td>5.886884e-05</td>\n",
       "      <td>1.647223e-03</td>\n",
       "      <td>5.303248e-163</td>\n",
       "      <td>0.523244</td>\n",
       "      <td>0.732754</td>\n",
       "      <td>4.681199e-03</td>\n",
       "      <td>3.768553e-127</td>\n",
       "      <td>1.161643e-04</td>\n",
       "      <td>0.000000e+00</td>\n",
       "    </tr>\n",
       "  </tbody>\n",
       "</table>\n",
       "</div>"
      ],
      "text/plain": [
       "           WTSB2YR        LBXPFDE       LBDPFDEL       LBXPFHS       LBDPFHSL  \\\n",
       "WTSB2YR   0.000000   1.216565e-02   8.742231e-02  6.738398e-01   2.447543e-01   \n",
       "LBXPFDE   0.012166   0.000000e+00   4.022266e-19  3.549814e-09   1.127461e-01   \n",
       "LBDPFDEL  0.087422   4.022266e-19   0.000000e+00  5.141260e-07   4.385772e-14   \n",
       "LBXPFHS   0.673840   3.549814e-09   5.141260e-07  0.000000e+00   2.057209e-02   \n",
       "LBDPFHSL  0.244754   1.127461e-01   4.385772e-14  2.057209e-02   0.000000e+00   \n",
       "LBXMPAH   0.620278   3.627985e-06   6.925563e-03  1.781187e-03   2.580786e-01   \n",
       "LBDMPAHL  0.060441   2.398585e-03   2.535216e-13  6.775958e-03   1.307300e-03   \n",
       "LBXPFNA   0.704234  3.699566e-249   4.172597e-32  2.128936e-21   2.810656e-03   \n",
       "LBDPFNAL  0.318496   2.734041e-10  1.899994e-119  5.312075e-07   1.311831e-17   \n",
       "LBXPFUA   0.000034   0.000000e+00   9.528374e-12  1.752720e-17   2.437152e-01   \n",
       "LBDPFUAL  0.689471   7.748586e-43   3.634396e-98  2.524898e-04   7.024807e-03   \n",
       "LBXNFOA   0.419036   2.090434e-52   1.821827e-13  1.315075e-92   4.426671e-03   \n",
       "LBDNFOAL  0.225943   1.347088e-01   7.736845e-14  9.077259e-02  1.715138e-211   \n",
       "LBXBFOA   0.916885   9.954320e-01   1.372519e-01  6.695324e-01   6.078061e-01   \n",
       "LBDBFOAL  0.585679   9.848480e-01   8.668749e-01  4.257443e-01   1.187321e-02   \n",
       "LBXNFOS   0.000062  4.428897e-272   1.979109e-16  1.951596e-41   1.484979e-02   \n",
       "LBDNFOSL  0.242918   1.662319e-01   4.805563e-12  1.164654e-01  4.999992e-260   \n",
       "LBXMFOS   0.341906   7.133078e-72   2.617623e-20  8.273241e-55   7.729233e-04   \n",
       "LBDMFOSL  0.158680   2.603343e-02   1.358466e-22  1.353268e-02  1.601705e-112   \n",
       "\n",
       "               LBXMPAH      LBDMPAHL        LBXPFNA       LBDPFNAL  \\\n",
       "WTSB2YR   6.202776e-01  6.044106e-02   7.042343e-01   3.184958e-01   \n",
       "LBXPFDE   3.627985e-06  2.398585e-03  3.699566e-249   2.734041e-10   \n",
       "LBDPFDEL  6.925563e-03  2.535216e-13   4.172597e-32  1.899994e-119   \n",
       "LBXPFHS   1.781187e-03  6.775958e-03   2.128936e-21   5.312075e-07   \n",
       "LBDPFHSL  2.580786e-01  1.307300e-03   2.810656e-03   1.311831e-17   \n",
       "LBXMPAH   0.000000e+00  5.482862e-53   9.057528e-17   1.024298e-04   \n",
       "LBDMPAHL  5.482862e-53  0.000000e+00   1.082440e-07   3.151677e-11   \n",
       "LBXPFNA   9.057528e-17  1.082440e-07   0.000000e+00   3.255755e-32   \n",
       "LBDPFNAL  1.024298e-04  3.151677e-11   3.255755e-32   0.000000e+00   \n",
       "LBXPFUA   9.168905e-04  1.634362e-01  8.023072e-213   3.057959e-07   \n",
       "LBDPFUAL  8.346154e-03  1.167254e-05   1.027077e-58   1.030531e-39   \n",
       "LBXNFOA   7.671387e-06  5.369797e-03  1.404475e-100   3.301223e-13   \n",
       "LBDNFOAL  2.988431e-01  1.582699e-02   1.395658e-02   5.568391e-21   \n",
       "LBXBFOA   3.311484e-03  9.244924e-02   5.495355e-01   2.192428e-01   \n",
       "LBDBFOAL  5.074127e-01  1.364773e-01   3.131969e-01   3.224013e-01   \n",
       "LBXNFOS   1.214987e-24  8.160602e-09  1.163359e-160   8.237619e-13   \n",
       "LBDNFOSL  3.392548e-01  3.450291e-02   2.289580e-02   3.820558e-18   \n",
       "LBXMFOS   1.290847e-45  1.064694e-17  2.252051e-119   7.984342e-21   \n",
       "LBDMFOSL  2.441593e-01  2.317813e-02   2.572047e-04   1.997581e-35   \n",
       "\n",
       "                LBXPFUA      LBDPFUAL        LBXNFOA       LBDNFOAL   LBXBFOA  \\\n",
       "WTSB2YR    3.438658e-05  6.894711e-01   4.190357e-01   2.259430e-01  0.916885   \n",
       "LBXPFDE    0.000000e+00  7.748586e-43   2.090434e-52   1.347088e-01  0.995432   \n",
       "LBDPFDEL   9.528374e-12  3.634396e-98   1.821827e-13   7.736845e-14  0.137252   \n",
       "LBXPFHS    1.752720e-17  2.524898e-04   1.315075e-92   9.077259e-02  0.669532   \n",
       "LBDPFHSL   2.437152e-01  7.024807e-03   4.426671e-03  1.715138e-211  0.607806   \n",
       "LBXMPAH    9.168905e-04  8.346154e-03   7.671387e-06   2.988431e-01  0.003311   \n",
       "LBDMPAHL   1.634362e-01  1.167254e-05   5.369797e-03   1.582699e-02  0.092449   \n",
       "LBXPFNA   8.023072e-213  1.027077e-58  1.404475e-100   1.395658e-02  0.549536   \n",
       "LBDPFNAL   3.057959e-07  1.030531e-39   3.301223e-13   5.568391e-21  0.219243   \n",
       "LBXPFUA    0.000000e+00  2.472172e-46   3.581948e-57   2.585995e-01  0.882891   \n",
       "LBDPFUAL   2.472172e-46  0.000000e+00   2.073154e-14   3.752043e-03  0.847820   \n",
       "LBXNFOA    3.581948e-57  2.073154e-14   0.000000e+00   2.281975e-02  0.007857   \n",
       "LBDNFOAL   2.585995e-01  3.752043e-03   2.281975e-02   0.000000e+00  0.896623   \n",
       "LBXBFOA    8.828912e-01  8.478197e-01   7.856689e-03   8.966232e-01  0.000000   \n",
       "LBDBFOAL   8.644944e-01  2.102010e-01   6.896620e-01   3.562657e-03  0.000000   \n",
       "LBXNFOS   1.998296e-203  4.042544e-32   2.778021e-29   5.473049e-02  0.581420   \n",
       "LBDNFOSL   2.780824e-01  6.159676e-04   3.572382e-02   0.000000e+00  0.968267   \n",
       "LBXMFOS    2.238158e-43  8.684101e-24   7.060924e-58   1.127562e-02  0.668243   \n",
       "LBDMFOSL   1.097956e-01  5.886884e-05   1.647223e-03  5.303248e-163  0.523244   \n",
       "\n",
       "          LBDBFOAL        LBXNFOS       LBDNFOSL        LBXMFOS       LBDMFOSL  \n",
       "WTSB2YR   0.585679   6.178785e-05   2.429183e-01   3.419059e-01   1.586800e-01  \n",
       "LBXPFDE   0.984848  4.428897e-272   1.662319e-01   7.133078e-72   2.603343e-02  \n",
       "LBDPFDEL  0.866875   1.979109e-16   4.805563e-12   2.617623e-20   1.358466e-22  \n",
       "LBXPFHS   0.425744   1.951596e-41   1.164654e-01   8.273241e-55   1.353268e-02  \n",
       "LBDPFHSL  0.011873   1.484979e-02  4.999992e-260   7.729233e-04  1.601705e-112  \n",
       "LBXMPAH   0.507413   1.214987e-24   3.392548e-01   1.290847e-45   2.441593e-01  \n",
       "LBDMPAHL  0.136477   8.160602e-09   3.450291e-02   1.064694e-17   2.317813e-02  \n",
       "LBXPFNA   0.313197  1.163359e-160   2.289580e-02  2.252051e-119   2.572047e-04  \n",
       "LBDPFNAL  0.322401   8.237619e-13   3.820558e-18   7.984342e-21   1.997581e-35  \n",
       "LBXPFUA   0.864494  1.998296e-203   2.780824e-01   2.238158e-43   1.097956e-01  \n",
       "LBDPFUAL  0.210201   4.042544e-32   6.159676e-04   8.684101e-24   5.886884e-05  \n",
       "LBXNFOA   0.689662   2.778021e-29   3.572382e-02   7.060924e-58   1.647223e-03  \n",
       "LBDNFOAL  0.003563   5.473049e-02   0.000000e+00   1.127562e-02  5.303248e-163  \n",
       "LBXBFOA   0.000000   5.814197e-01   9.682669e-01   6.682426e-01   5.232444e-01  \n",
       "LBDBFOAL  0.000000   1.378851e-01   5.541689e-02   2.609837e-01   7.327539e-01  \n",
       "LBXNFOS   0.137885   0.000000e+00   7.399356e-02  3.051583e-262   4.681199e-03  \n",
       "LBDNFOSL  0.055417   7.399356e-02   0.000000e+00   1.906903e-02  3.768553e-127  \n",
       "LBXMFOS   0.260984  3.051583e-262   1.906903e-02   0.000000e+00   1.161643e-04  \n",
       "LBDMFOSL  0.732754   4.681199e-03  3.768553e-127   1.161643e-04   0.000000e+00  "
      ]
     },
     "metadata": {},
     "output_type": "display_data"
    },
    {
     "name": "stdout",
     "output_type": "stream",
     "text": [
      "R^2 Values\n"
     ]
    },
    {
     "data": {
      "text/html": [
       "<div>\n",
       "<style scoped>\n",
       "    .dataframe tbody tr th:only-of-type {\n",
       "        vertical-align: middle;\n",
       "    }\n",
       "\n",
       "    .dataframe tbody tr th {\n",
       "        vertical-align: top;\n",
       "    }\n",
       "\n",
       "    .dataframe thead th {\n",
       "        text-align: right;\n",
       "    }\n",
       "</style>\n",
       "<table border=\"1\" class=\"dataframe\">\n",
       "  <thead>\n",
       "    <tr style=\"text-align: right;\">\n",
       "      <th></th>\n",
       "      <th>WTSB2YR</th>\n",
       "      <th>LBXPFDE</th>\n",
       "      <th>LBDPFDEL</th>\n",
       "      <th>LBXPFHS</th>\n",
       "      <th>LBDPFHSL</th>\n",
       "      <th>LBXMPAH</th>\n",
       "      <th>LBDMPAHL</th>\n",
       "      <th>LBXPFNA</th>\n",
       "      <th>LBDPFNAL</th>\n",
       "      <th>LBXPFUA</th>\n",
       "      <th>LBDPFUAL</th>\n",
       "      <th>LBXNFOA</th>\n",
       "      <th>LBDNFOAL</th>\n",
       "      <th>LBXBFOA</th>\n",
       "      <th>LBDBFOAL</th>\n",
       "      <th>LBXNFOS</th>\n",
       "      <th>LBDNFOSL</th>\n",
       "      <th>LBXMFOS</th>\n",
       "      <th>LBDMFOSL</th>\n",
       "    </tr>\n",
       "  </thead>\n",
       "  <tbody>\n",
       "    <tr>\n",
       "      <th>WTSB2YR</th>\n",
       "      <td>1.000000</td>\n",
       "      <td>3.257887e-03</td>\n",
       "      <td>0.001515</td>\n",
       "      <td>0.000092</td>\n",
       "      <td>0.000702</td>\n",
       "      <td>0.000127</td>\n",
       "      <td>0.001828</td>\n",
       "      <td>0.000075</td>\n",
       "      <td>0.000516</td>\n",
       "      <td>0.008867</td>\n",
       "      <td>0.000083</td>\n",
       "      <td>0.000339</td>\n",
       "      <td>0.000761</td>\n",
       "      <td>5.653121e-06</td>\n",
       "      <td>1.542280e-04</td>\n",
       "      <td>0.008295</td>\n",
       "      <td>7.075504e-04</td>\n",
       "      <td>0.000469</td>\n",
       "      <td>0.001031</td>\n",
       "    </tr>\n",
       "    <tr>\n",
       "      <th>LBXPFDE</th>\n",
       "      <td>0.003258</td>\n",
       "      <td>1.000000e+00</td>\n",
       "      <td>0.040605</td>\n",
       "      <td>0.017930</td>\n",
       "      <td>0.001305</td>\n",
       "      <td>0.011073</td>\n",
       "      <td>0.004773</td>\n",
       "      <td>0.445653</td>\n",
       "      <td>0.020476</td>\n",
       "      <td>0.691301</td>\n",
       "      <td>0.093083</td>\n",
       "      <td>0.113497</td>\n",
       "      <td>0.001161</td>\n",
       "      <td>1.701375e-08</td>\n",
       "      <td>1.872153e-07</td>\n",
       "      <td>0.475186</td>\n",
       "      <td>9.943664e-04</td>\n",
       "      <td>0.153662</td>\n",
       "      <td>0.002568</td>\n",
       "    </tr>\n",
       "    <tr>\n",
       "      <th>LBDPFDEL</th>\n",
       "      <td>0.001515</td>\n",
       "      <td>4.060514e-02</td>\n",
       "      <td>1.000000</td>\n",
       "      <td>0.013001</td>\n",
       "      <td>0.029148</td>\n",
       "      <td>0.003778</td>\n",
       "      <td>0.027408</td>\n",
       "      <td>0.069662</td>\n",
       "      <td>0.244436</td>\n",
       "      <td>0.023809</td>\n",
       "      <td>0.205087</td>\n",
       "      <td>0.027736</td>\n",
       "      <td>0.028585</td>\n",
       "      <td>1.145723e-03</td>\n",
       "      <td>1.458571e-05</td>\n",
       "      <td>0.034493</td>\n",
       "      <td>2.448869e-02</td>\n",
       "      <td>0.043291</td>\n",
       "      <td>0.048446</td>\n",
       "    </tr>\n",
       "    <tr>\n",
       "      <th>LBXPFHS</th>\n",
       "      <td>0.000092</td>\n",
       "      <td>1.793030e-02</td>\n",
       "      <td>0.013001</td>\n",
       "      <td>1.000000</td>\n",
       "      <td>0.002780</td>\n",
       "      <td>0.005055</td>\n",
       "      <td>0.003798</td>\n",
       "      <td>0.045752</td>\n",
       "      <td>0.012968</td>\n",
       "      <td>0.036886</td>\n",
       "      <td>0.006928</td>\n",
       "      <td>0.194479</td>\n",
       "      <td>0.001484</td>\n",
       "      <td>9.454499e-05</td>\n",
       "      <td>3.292499e-04</td>\n",
       "      <td>0.090056</td>\n",
       "      <td>1.278300e-03</td>\n",
       "      <td>0.118552</td>\n",
       "      <td>0.003160</td>\n",
       "    </tr>\n",
       "    <tr>\n",
       "      <th>LBDPFHSL</th>\n",
       "      <td>0.000702</td>\n",
       "      <td>1.304780e-03</td>\n",
       "      <td>0.029148</td>\n",
       "      <td>0.002780</td>\n",
       "      <td>1.000000</td>\n",
       "      <td>0.000664</td>\n",
       "      <td>0.005349</td>\n",
       "      <td>0.004623</td>\n",
       "      <td>0.037172</td>\n",
       "      <td>0.000705</td>\n",
       "      <td>0.003765</td>\n",
       "      <td>0.004196</td>\n",
       "      <td>0.393478</td>\n",
       "      <td>1.367060e-04</td>\n",
       "      <td>3.280206e-03</td>\n",
       "      <td>0.003076</td>\n",
       "      <td>4.598584e-01</td>\n",
       "      <td>0.005851</td>\n",
       "      <td>0.231848</td>\n",
       "    </tr>\n",
       "    <tr>\n",
       "      <th>LBXMPAH</th>\n",
       "      <td>0.000127</td>\n",
       "      <td>1.107345e-02</td>\n",
       "      <td>0.003778</td>\n",
       "      <td>0.005055</td>\n",
       "      <td>0.000664</td>\n",
       "      <td>1.000000</td>\n",
       "      <td>0.114722</td>\n",
       "      <td>0.035265</td>\n",
       "      <td>0.007803</td>\n",
       "      <td>0.005688</td>\n",
       "      <td>0.003605</td>\n",
       "      <td>0.010337</td>\n",
       "      <td>0.000560</td>\n",
       "      <td>4.468251e-03</td>\n",
       "      <td>2.280554e-04</td>\n",
       "      <td>0.053049</td>\n",
       "      <td>4.739314e-04</td>\n",
       "      <td>0.099056</td>\n",
       "      <td>0.000704</td>\n",
       "    </tr>\n",
       "    <tr>\n",
       "      <th>LBDMPAHL</th>\n",
       "      <td>0.001828</td>\n",
       "      <td>4.772580e-03</td>\n",
       "      <td>0.027408</td>\n",
       "      <td>0.003798</td>\n",
       "      <td>0.005349</td>\n",
       "      <td>0.114722</td>\n",
       "      <td>1.000000</td>\n",
       "      <td>0.014542</td>\n",
       "      <td>0.022621</td>\n",
       "      <td>0.001008</td>\n",
       "      <td>0.009925</td>\n",
       "      <td>0.004015</td>\n",
       "      <td>0.003017</td>\n",
       "      <td>1.468529e-03</td>\n",
       "      <td>1.150251e-03</td>\n",
       "      <td>0.017104</td>\n",
       "      <td>2.317377e-03</td>\n",
       "      <td>0.037378</td>\n",
       "      <td>0.002672</td>\n",
       "    </tr>\n",
       "    <tr>\n",
       "      <th>LBXPFNA</th>\n",
       "      <td>0.000075</td>\n",
       "      <td>4.456532e-01</td>\n",
       "      <td>0.069662</td>\n",
       "      <td>0.045752</td>\n",
       "      <td>0.004623</td>\n",
       "      <td>0.035265</td>\n",
       "      <td>0.014542</td>\n",
       "      <td>1.000000</td>\n",
       "      <td>0.069900</td>\n",
       "      <td>0.395401</td>\n",
       "      <td>0.126712</td>\n",
       "      <td>0.209649</td>\n",
       "      <td>0.003132</td>\n",
       "      <td>1.858898e-04</td>\n",
       "      <td>5.278368e-04</td>\n",
       "      <td>0.315216</td>\n",
       "      <td>2.683335e-03</td>\n",
       "      <td>0.244303</td>\n",
       "      <td>0.006910</td>\n",
       "    </tr>\n",
       "    <tr>\n",
       "      <th>LBDPFNAL</th>\n",
       "      <td>0.000516</td>\n",
       "      <td>2.047571e-02</td>\n",
       "      <td>0.244436</td>\n",
       "      <td>0.012968</td>\n",
       "      <td>0.037172</td>\n",
       "      <td>0.007803</td>\n",
       "      <td>0.022621</td>\n",
       "      <td>0.069900</td>\n",
       "      <td>1.000000</td>\n",
       "      <td>0.013514</td>\n",
       "      <td>0.086322</td>\n",
       "      <td>0.027146</td>\n",
       "      <td>0.044810</td>\n",
       "      <td>7.831453e-04</td>\n",
       "      <td>5.081399e-04</td>\n",
       "      <td>0.026239</td>\n",
       "      <td>3.838829e-02</td>\n",
       "      <td>0.044456</td>\n",
       "      <td>0.076967</td>\n",
       "    </tr>\n",
       "    <tr>\n",
       "      <th>LBXPFUA</th>\n",
       "      <td>0.008867</td>\n",
       "      <td>6.913014e-01</td>\n",
       "      <td>0.023809</td>\n",
       "      <td>0.036886</td>\n",
       "      <td>0.000705</td>\n",
       "      <td>0.005688</td>\n",
       "      <td>0.001008</td>\n",
       "      <td>0.395401</td>\n",
       "      <td>0.013514</td>\n",
       "      <td>1.000000</td>\n",
       "      <td>0.100593</td>\n",
       "      <td>0.123499</td>\n",
       "      <td>0.000662</td>\n",
       "      <td>1.126326e-05</td>\n",
       "      <td>1.511716e-05</td>\n",
       "      <td>0.381682</td>\n",
       "      <td>6.104743e-04</td>\n",
       "      <td>0.094245</td>\n",
       "      <td>0.001326</td>\n",
       "    </tr>\n",
       "    <tr>\n",
       "      <th>LBDPFUAL</th>\n",
       "      <td>0.000083</td>\n",
       "      <td>9.308288e-02</td>\n",
       "      <td>0.205087</td>\n",
       "      <td>0.006928</td>\n",
       "      <td>0.003765</td>\n",
       "      <td>0.003605</td>\n",
       "      <td>0.009925</td>\n",
       "      <td>0.126712</td>\n",
       "      <td>0.086322</td>\n",
       "      <td>0.100593</td>\n",
       "      <td>1.000000</td>\n",
       "      <td>0.029890</td>\n",
       "      <td>0.004351</td>\n",
       "      <td>1.911532e-05</td>\n",
       "      <td>8.146389e-04</td>\n",
       "      <td>0.069692</td>\n",
       "      <td>6.068762e-03</td>\n",
       "      <td>0.051132</td>\n",
       "      <td>0.008342</td>\n",
       "    </tr>\n",
       "    <tr>\n",
       "      <th>LBXNFOA</th>\n",
       "      <td>0.000339</td>\n",
       "      <td>1.134967e-01</td>\n",
       "      <td>0.027736</td>\n",
       "      <td>0.194479</td>\n",
       "      <td>0.004196</td>\n",
       "      <td>0.010337</td>\n",
       "      <td>0.004015</td>\n",
       "      <td>0.209649</td>\n",
       "      <td>0.027146</td>\n",
       "      <td>0.123499</td>\n",
       "      <td>0.029890</td>\n",
       "      <td>1.000000</td>\n",
       "      <td>0.002686</td>\n",
       "      <td>3.660997e-03</td>\n",
       "      <td>8.276403e-05</td>\n",
       "      <td>0.063408</td>\n",
       "      <td>2.286631e-03</td>\n",
       "      <td>0.124969</td>\n",
       "      <td>0.005129</td>\n",
       "    </tr>\n",
       "    <tr>\n",
       "      <th>LBDNFOAL</th>\n",
       "      <td>0.000761</td>\n",
       "      <td>1.160698e-03</td>\n",
       "      <td>0.028585</td>\n",
       "      <td>0.001484</td>\n",
       "      <td>0.393478</td>\n",
       "      <td>0.000560</td>\n",
       "      <td>0.003017</td>\n",
       "      <td>0.003132</td>\n",
       "      <td>0.044810</td>\n",
       "      <td>0.000662</td>\n",
       "      <td>0.004351</td>\n",
       "      <td>0.002686</td>\n",
       "      <td>1.000000</td>\n",
       "      <td>8.762669e-06</td>\n",
       "      <td>4.399468e-03</td>\n",
       "      <td>0.001914</td>\n",
       "      <td>5.940622e-01</td>\n",
       "      <td>0.003328</td>\n",
       "      <td>0.319032</td>\n",
       "    </tr>\n",
       "    <tr>\n",
       "      <th>LBXBFOA</th>\n",
       "      <td>0.000006</td>\n",
       "      <td>1.701375e-08</td>\n",
       "      <td>0.001146</td>\n",
       "      <td>0.000095</td>\n",
       "      <td>0.000137</td>\n",
       "      <td>0.004468</td>\n",
       "      <td>0.001469</td>\n",
       "      <td>0.000186</td>\n",
       "      <td>0.000783</td>\n",
       "      <td>0.000011</td>\n",
       "      <td>0.000019</td>\n",
       "      <td>0.003661</td>\n",
       "      <td>0.000009</td>\n",
       "      <td>1.000000e+00</td>\n",
       "      <td>5.416897e-01</td>\n",
       "      <td>0.000158</td>\n",
       "      <td>8.214942e-07</td>\n",
       "      <td>0.000095</td>\n",
       "      <td>0.000211</td>\n",
       "    </tr>\n",
       "    <tr>\n",
       "      <th>LBDBFOAL</th>\n",
       "      <td>0.000154</td>\n",
       "      <td>1.872153e-07</td>\n",
       "      <td>0.000015</td>\n",
       "      <td>0.000329</td>\n",
       "      <td>0.003280</td>\n",
       "      <td>0.000228</td>\n",
       "      <td>0.001150</td>\n",
       "      <td>0.000528</td>\n",
       "      <td>0.000508</td>\n",
       "      <td>0.000015</td>\n",
       "      <td>0.000815</td>\n",
       "      <td>0.000083</td>\n",
       "      <td>0.004399</td>\n",
       "      <td>5.416897e-01</td>\n",
       "      <td>1.000000e+00</td>\n",
       "      <td>0.001142</td>\n",
       "      <td>1.902935e-03</td>\n",
       "      <td>0.000656</td>\n",
       "      <td>0.000061</td>\n",
       "    </tr>\n",
       "    <tr>\n",
       "      <th>LBXNFOS</th>\n",
       "      <td>0.008295</td>\n",
       "      <td>4.751856e-01</td>\n",
       "      <td>0.034493</td>\n",
       "      <td>0.090056</td>\n",
       "      <td>0.003076</td>\n",
       "      <td>0.053049</td>\n",
       "      <td>0.017104</td>\n",
       "      <td>0.315216</td>\n",
       "      <td>0.026239</td>\n",
       "      <td>0.381682</td>\n",
       "      <td>0.069692</td>\n",
       "      <td>0.063408</td>\n",
       "      <td>0.001914</td>\n",
       "      <td>1.577581e-04</td>\n",
       "      <td>1.142044e-03</td>\n",
       "      <td>1.000000</td>\n",
       "      <td>1.655586e-03</td>\n",
       "      <td>0.462708</td>\n",
       "      <td>0.004143</td>\n",
       "    </tr>\n",
       "    <tr>\n",
       "      <th>LBDNFOSL</th>\n",
       "      <td>0.000708</td>\n",
       "      <td>9.943664e-04</td>\n",
       "      <td>0.024489</td>\n",
       "      <td>0.001278</td>\n",
       "      <td>0.459858</td>\n",
       "      <td>0.000474</td>\n",
       "      <td>0.002317</td>\n",
       "      <td>0.002683</td>\n",
       "      <td>0.038388</td>\n",
       "      <td>0.000610</td>\n",
       "      <td>0.006069</td>\n",
       "      <td>0.002287</td>\n",
       "      <td>0.594062</td>\n",
       "      <td>8.214942e-07</td>\n",
       "      <td>1.902935e-03</td>\n",
       "      <td>0.001656</td>\n",
       "      <td>1.000000e+00</td>\n",
       "      <td>0.002848</td>\n",
       "      <td>0.258196</td>\n",
       "    </tr>\n",
       "    <tr>\n",
       "      <th>LBXMFOS</th>\n",
       "      <td>0.000469</td>\n",
       "      <td>1.536623e-01</td>\n",
       "      <td>0.043291</td>\n",
       "      <td>0.118552</td>\n",
       "      <td>0.005851</td>\n",
       "      <td>0.099056</td>\n",
