{
 "cells": [
  {
   "cell_type": "markdown",
   "id": "55cf634e",
   "metadata": {},
   "source": [
    "### Environmental Health Project Part 1 - Problem 2 (Extract linear relationship by computing Pearson Correlation Coefficient)\n",
    "#### Author: Kenneth Cochran\n",
    "#### Date written : 3/24/2023"
   ]
  },
  {
   "cell_type": "code",
   "execution_count": 1,
   "id": "0b7614be",
   "metadata": {
    "scrolled": false
   },
   "outputs": [
    {
     "name": "stdout",
     "output_type": "stream",
     "text": [
      "DataFrame of the pearson correlation coefficient values \n"
     ]
    },
    {
     "data": {
      "text/html": [
       "<div>\n",
       "<style scoped>\n",
       "    .dataframe tbody tr th:only-of-type {\n",
       "        vertical-align: middle;\n",
       "    }\n",
       "\n",
       "    .dataframe tbody tr th {\n",
       "        vertical-align: top;\n",
       "    }\n",
       "\n",
       "    .dataframe thead th {\n",
       "        text-align: right;\n",
       "    }\n",
       "</style>\n",
       "<table border=\"1\" class=\"dataframe\">\n",
       "  <thead>\n",
       "    <tr style=\"text-align: right;\">\n",
       "      <th></th>\n",
       "      <th>WTSB2YR</th>\n",
       "      <th>LBXPFDE</th>\n",
       "      <th>LBDPFDEL</th>\n",
       "      <th>LBXPFHS</th>\n",
       "      <th>LBDPFHSL</th>\n",
       "      <th>LBXMPAH</th>\n",
       "      <th>LBDMPAHL</th>\n",
       "      <th>LBXPFNA</th>\n",
       "      <th>LBDPFNAL</th>\n",
       "      <th>LBXPFUA</th>\n",
       "      <th>LBDPFUAL</th>\n",
       "      <th>LBXNFOA</th>\n",
       "      <th>LBDNFOAL</th>\n",
       "      <th>LBXBFOA</th>\n",
       "      <th>LBDBFOAL</th>\n",
       "      <th>LBXNFOS</th>\n",
       "      <th>LBDNFOSL</th>\n",
       "      <th>LBXMFOS</th>\n",
       "      <th>LBDMFOSL</th>\n",
       "    </tr>\n",
       "  </thead>\n",
       "  <tbody>\n",
       "    <tr>\n",
       "      <th>WTSB2YR</th>\n",
       "      <td>1.000000</td>\n",
       "      <td>-0.057078</td>\n",
       "      <td>-0.038925</td>\n",
       "      <td>-0.009589</td>\n",
       "      <td>-0.026496</td>\n",
       "      <td>-0.011288</td>\n",
       "      <td>-0.042757</td>\n",
       "      <td>-0.008649</td>\n",
       "      <td>-0.022725</td>\n",
       "      <td>-0.094165</td>\n",
       "      <td>-0.009103</td>\n",
       "      <td>0.018409</td>\n",
       "      <td>-0.027582</td>\n",
       "      <td>-0.002378</td>\n",
       "      <td>0.012419</td>\n",
       "      <td>-0.091077</td>\n",
       "      <td>-0.026600</td>\n",
       "      <td>-0.021651</td>\n",
       "      <td>-0.032105</td>\n",
       "    </tr>\n",
       "    <tr>\n",
       "      <th>LBXPFDE</th>\n",
       "      <td>-0.057078</td>\n",
       "      <td>1.000000</td>\n",
       "      <td>-0.201507</td>\n",
       "      <td>0.133904</td>\n",
       "      <td>-0.036122</td>\n",
       "      <td>0.105230</td>\n",
       "      <td>-0.069084</td>\n",
       "      <td>0.667573</td>\n",
       "      <td>-0.143093</td>\n",
       "      <td>0.831445</td>\n",
       "      <td>-0.305095</td>\n",
       "      <td>0.336893</td>\n",
       "      <td>-0.034069</td>\n",
       "      <td>-0.000130</td>\n",
       "      <td>-0.000433</td>\n",
       "      <td>0.689337</td>\n",
       "      <td>-0.031534</td>\n",
       "      <td>0.391998</td>\n",
       "      <td>-0.050676</td>\n",
       "    </tr>\n",
       "    <tr>\n",
       "      <th>LBDPFDEL</th>\n",
       "      <td>-0.038925</td>\n",
       "      <td>-0.201507</td>\n",
       "      <td>1.000000</td>\n",
       "      <td>-0.114021</td>\n",
       "      <td>0.170727</td>\n",
       "      <td>-0.061466</td>\n",
       "      <td>0.165554</td>\n",
       "      <td>-0.263935</td>\n",
       "      <td>0.494405</td>\n",
       "      <td>-0.154302</td>\n",
       "      <td>0.452866</td>\n",
       "      <td>-0.166541</td>\n",
       "      <td>0.169071</td>\n",
       "      <td>-0.033849</td>\n",
       "      <td>0.003819</td>\n",
       "      <td>-0.185722</td>\n",
       "      <td>0.156489</td>\n",
       "      <td>-0.208064</td>\n",
       "      <td>0.220105</td>\n",
       "    </tr>\n",
       "    <tr>\n",
       "      <th>LBXPFHS</th>\n",
       "      <td>-0.009589</td>\n",
       "      <td>0.133904</td>\n",
       "      <td>-0.114021</td>\n",
       "      <td>1.000000</td>\n",
       "      <td>-0.052724</td>\n",
       "      <td>0.071096</td>\n",
       "      <td>-0.061631</td>\n",
       "      <td>0.213898</td>\n",
       "      <td>-0.113879</td>\n",
       "      <td>0.192058</td>\n",
       "      <td>-0.083236</td>\n",
       "      <td>0.440998</td>\n",
       "      <td>-0.038520</td>\n",
       "      <td>0.009723</td>\n",
       "      <td>0.018145</td>\n",
       "      <td>0.300094</td>\n",
       "      <td>-0.035753</td>\n",
       "      <td>0.344314</td>\n",
       "      <td>-0.056217</td>\n",
       "    </tr>\n",
       "    <tr>\n",
       "      <th>LBDPFHSL</th>\n",
       "      <td>-0.026496</td>\n",
       "      <td>-0.036122</td>\n",
       "      <td>0.170727</td>\n",
       "      <td>-0.052724</td>\n",
       "      <td>1.000000</td>\n",
       "      <td>-0.025762</td>\n",
       "      <td>0.073136</td>\n",
       "      <td>-0.067991</td>\n",
       "      <td>0.192800</td>\n",
       "      <td>-0.026555</td>\n",
       "      <td>0.061358</td>\n",
       "      <td>-0.064774</td>\n",
       "      <td>0.627278</td>\n",
       "      <td>0.011692</td>\n",
       "      <td>-0.057273</td>\n",
       "      <td>-0.055458</td>\n",
       "      <td>0.678129</td>\n",
       "      <td>-0.076492</td>\n",
       "      <td>0.481506</td>\n",
       "    </tr>\n",
       "    <tr>\n",
       "      <th>LBXMPAH</th>\n",
       "      <td>-0.011288</td>\n",
       "      <td>0.105230</td>\n",
       "      <td>-0.061466</td>\n",
       "      <td>0.071096</td>\n",
       "      <td>-0.025762</td>\n",
       "      <td>1.000000</td>\n",
       "      <td>-0.338707</td>\n",
       "      <td>0.187789</td>\n",
       "      <td>-0.088334</td>\n",
       "      <td>0.075416</td>\n",
       "      <td>-0.060042</td>\n",
       "      <td>0.101672</td>\n",
       "      <td>-0.023667</td>\n",
       "      <td>0.066845</td>\n",
       "      <td>-0.015102</td>\n",
       "      <td>0.230324</td>\n",
       "      <td>-0.021770</td>\n",
       "      <td>0.314731</td>\n",
       "      <td>-0.026530</td>\n",
       "    </tr>\n",
       "    <tr>\n",
       "      <th>LBDMPAHL</th>\n",
       "      <td>-0.042757</td>\n",
       "      <td>-0.069084</td>\n",
       "      <td>0.165554</td>\n",
       "      <td>-0.061631</td>\n",
       "      <td>0.073136</td>\n",
       "      <td>-0.338707</td>\n",
       "      <td>1.000000</td>\n",
       "      <td>-0.120590</td>\n",
       "      <td>0.150404</td>\n",
       "      <td>-0.031743</td>\n",
       "      <td>0.099624</td>\n",
       "      <td>-0.063364</td>\n",
       "      <td>0.054932</td>\n",
       "      <td>-0.038321</td>\n",
       "      <td>0.033915</td>\n",
       "      <td>-0.130783</td>\n",
       "      <td>0.048139</td>\n",
       "      <td>-0.193334</td>\n",
       "      <td>0.051694</td>\n",
       "    </tr>\n",
       "    <tr>\n",
       "      <th>LBXPFNA</th>\n",
       "      <td>-0.008649</td>\n",
       "      <td>0.667573</td>\n",
       "      <td>-0.263935</td>\n",
       "      <td>0.213898</td>\n",
       "      <td>-0.067991</td>\n",
       "      <td>0.187789</td>\n",
       "      <td>-0.120590</td>\n",
       "      <td>1.000000</td>\n",
       "      <td>-0.264386</td>\n",
       "      <td>0.628809</td>\n",
       "      <td>-0.355967</td>\n",
       "      <td>0.457874</td>\n",
       "      <td>-0.055966</td>\n",
       "      <td>0.013634</td>\n",
       "      <td>0.022975</td>\n",
       "      <td>0.561441</td>\n",
       "      <td>-0.051801</td>\n",
       "      <td>0.494271</td>\n",
       "      <td>-0.083128</td>\n",
       "    </tr>\n",
       "    <tr>\n",
       "      <th>LBDPFNAL</th>\n",
       "      <td>-0.022725</td>\n",
       "      <td>-0.143093</td>\n",
       "      <td>0.494405</td>\n",
       "      <td>-0.113879</td>\n",
       "      <td>0.192800</td>\n",
       "      <td>-0.088334</td>\n",
       "      <td>0.150404</td>\n",
       "      <td>-0.264386</td>\n",
       "      <td>1.000000</td>\n",
       "      <td>-0.116251</td>\n",
       "      <td>0.293807</td>\n",
       "      <td>-0.164761</td>\n",
       "      <td>0.211683</td>\n",
       "      <td>-0.027985</td>\n",
       "      <td>0.022542</td>\n",
       "      <td>-0.161985</td>\n",
       "      <td>0.195929</td>\n",
       "      <td>-0.210846</td>\n",
       "      <td>0.277429</td>\n",
       "    </tr>\n",
       "    <tr>\n",
       "      <th>LBXPFUA</th>\n",
       "      <td>-0.094165</td>\n",
       "      <td>0.831445</td>\n",
       "      <td>-0.154302</td>\n",
       "      <td>0.192058</td>\n",
       "      <td>-0.026555</td>\n",
       "      <td>0.075416</td>\n",
       "      <td>-0.031743</td>\n",
       "      <td>0.628809</td>\n",
       "      <td>-0.116251</td>\n",
       "      <td>1.000000</td>\n",
       "      <td>-0.317164</td>\n",
       "      <td>0.351424</td>\n",
       "      <td>-0.025734</td>\n",
       "      <td>-0.003356</td>\n",
       "      <td>0.003888</td>\n",
       "      <td>0.617804</td>\n",
       "      <td>-0.024708</td>\n",
       "      <td>0.306994</td>\n",
       "      <td>-0.036421</td>\n",
       "    </tr>\n",
       "    <tr>\n",
       "      <th>LBDPFUAL</th>\n",
       "      <td>-0.009103</td>\n",
       "      <td>-0.305095</td>\n",
       "      <td>0.452866</td>\n",
       "      <td>-0.083236</td>\n",
       "      <td>0.061358</td>\n",
       "      <td>-0.060042</td>\n",
       "      <td>0.099624</td>\n",
       "      <td>-0.355967</td>\n",
       "      <td>0.293807</td>\n",
       "      <td>-0.317164</td>\n",
       "      <td>1.000000</td>\n",
       "      <td>-0.172888</td>\n",
       "      <td>0.065961</td>\n",
       "      <td>0.004372</td>\n",
       "      <td>-0.028542</td>\n",
       "      <td>-0.263993</td>\n",
       "      <td>0.077902</td>\n",
       "      <td>-0.226124</td>\n",
       "      <td>0.091336</td>\n",
       "    </tr>\n",
       "    <tr>\n",
       "      <th>LBXNFOA</th>\n",
       "      <td>0.018409</td>\n",
       "      <td>0.336893</td>\n",
       "      <td>-0.166541</td>\n",
       "      <td>0.440998</td>\n",
       "      <td>-0.064774</td>\n",
       "      <td>0.101672</td>\n",
       "      <td>-0.063364</td>\n",
       "      <td>0.457874</td>\n",
       "      <td>-0.164761</td>\n",
       "      <td>0.351424</td>\n",
       "      <td>-0.172888</td>\n",
       "      <td>1.000000</td>\n",
       "      <td>-0.051830</td>\n",
       "      <td>0.060506</td>\n",
       "      <td>-0.009097</td>\n",
       "      <td>0.251810</td>\n",
       "      <td>-0.047819</td>\n",
       "      <td>0.353510</td>\n",
       "      <td>-0.071616</td>\n",
       "    </tr>\n",
       "    <tr>\n",
       "      <th>LBDNFOAL</th>\n",
       "      <td>-0.027582</td>\n",
       "      <td>-0.034069</td>\n",
       "      <td>0.169071</td>\n",
       "      <td>-0.038520</td>\n",
       "      <td>0.627278</td>\n",
       "      <td>-0.023667</td>\n",
       "      <td>0.054932</td>\n",
       "      <td>-0.055966</td>\n",
       "      <td>0.211683</td>\n",
       "      <td>-0.025734</td>\n",
       "      <td>0.065961</td>\n",
       "      <td>-0.051830</td>\n",
       "      <td>1.000000</td>\n",
       "      <td>0.002960</td>\n",
       "      <td>-0.066328</td>\n",
       "      <td>-0.043746</td>\n",
       "      <td>0.770754</td>\n",
       "      <td>-0.057686</td>\n",
       "      <td>0.564829</td>\n",
       "    </tr>\n",
       "    <tr>\n",
       "      <th>LBXBFOA</th>\n",
       "      <td>-0.002378</td>\n",
       "      <td>-0.000130</td>\n",
       "      <td>-0.033849</td>\n",
       "      <td>0.009723</td>\n",
       "      <td>0.011692</td>\n",
       "      <td>0.066845</td>\n",
       "      <td>-0.038321</td>\n",
       "      <td>0.013634</td>\n",
       "      <td>-0.027985</td>\n",
       "      <td>-0.003356</td>\n",
       "      <td>0.004372</td>\n",
       "      <td>0.060506</td>\n",
       "      <td>0.002960</td>\n",
       "      <td>1.000000</td>\n",
       "      <td>-0.735996</td>\n",
       "      <td>-0.012560</td>\n",
       "      <td>-0.000906</td>\n",
       "      <td>0.009764</td>\n",
       "      <td>-0.014543</td>\n",
       "    </tr>\n",
       "    <tr>\n",
       "      <th>LBDBFOAL</th>\n",
       "      <td>0.012419</td>\n",
       "      <td>-0.000433</td>\n",
       "      <td>0.003819</td>\n",
       "      <td>0.018145</td>\n",
       "      <td>-0.057273</td>\n",
       "      <td>-0.015102</td>\n",
       "      <td>0.033915</td>\n",
       "      <td>0.022975</td>\n",
       "      <td>0.022542</td>\n",
       "      <td>0.003888</td>\n",
       "      <td>-0.028542</td>\n",
       "      <td>-0.009097</td>\n",
       "      <td>-0.066328</td>\n",
       "      <td>-0.735996</td>\n",
       "      <td>1.000000</td>\n",
       "      <td>0.033794</td>\n",
       "      <td>-0.043623</td>\n",
       "      <td>0.025606</td>\n",
       "      <td>-0.007780</td>\n",
       "    </tr>\n",
       "    <tr>\n",
       "      <th>LBXNFOS</th>\n",
       "      <td>-0.091077</td>\n",
       "      <td>0.689337</td>\n",
       "      <td>-0.185722</td>\n",
       "      <td>0.300094</td>\n",
       "      <td>-0.055458</td>\n",
       "      <td>0.230324</td>\n",
       "      <td>-0.130783</td>\n",
       "      <td>0.561441</td>\n",
       "      <td>-0.161985</td>\n",
       "      <td>0.617804</td>\n",
       "      <td>-0.263993</td>\n",
       "      <td>0.251810</td>\n",
       "      <td>-0.043746</td>\n",
       "      <td>-0.012560</td>\n",
       "      <td>0.033794</td>\n",
       "      <td>1.000000</td>\n",
       "      <td>-0.040689</td>\n",
       "      <td>0.680226</td>\n",
       "      <td>-0.064369</td>\n",
       "    </tr>\n",
       "    <tr>\n",
       "      <th>LBDNFOSL</th>\n",
       "      <td>-0.026600</td>\n",
       "      <td>-0.031534</td>\n",
       "      <td>0.156489</td>\n",
       "      <td>-0.035753</td>\n",
       "      <td>0.678129</td>\n",
       "      <td>-0.021770</td>\n",
       "      <td>0.048139</td>\n",
       "      <td>-0.051801</td>\n",
       "      <td>0.195929</td>\n",
       "      <td>-0.024708</td>\n",
       "      <td>0.077902</td>\n",
       "      <td>-0.047819</td>\n",
       "      <td>0.770754</td>\n",
       "      <td>-0.000906</td>\n",
       "      <td>-0.043623</td>\n",
       "      <td>-0.040689</td>\n",
       "      <td>1.000000</td>\n",
       "      <td>-0.053370</td>\n",
       "      <td>0.508130</td>\n",
       "    </tr>\n",
       "    <tr>\n",
       "      <th>LBXMFOS</th>\n",
       "      <td>-0.021651</td>\n",
       "      <td>0.391998</td>\n",
       "      <td>-0.208064</td>\n",
       "      <td>0.344314</td>\n",
       "      <td>-0.076492</td>\n",
       "      <td>0.314731</td>\n",
       "      <td>-0.193334</td>\n",
       "      <td>0.494271</td>\n",
       "      <td>-0.210846</td>\n",
       "      <td>0.306994</td>\n",
       "      <td>-0.226124</td>\n",
       "      <td>0.353510</td>\n",
       "      <td>-0.057686</td>\n",
       "      <td>0.009764</td>\n",
       "      <td>0.025606</td>\n",
       "      <td>0.680226</td>\n",
       "      <td>-0.053370</td>\n",
       "      <td>1.000000</td>\n",
       "      <td>-0.087640</td>\n",
       "    </tr>\n",
       "    <tr>\n",
       "      <th>LBDMFOSL</th>\n",
       "      <td>-0.032105</td>\n",
       "      <td>-0.050676</td>\n",
       "      <td>0.220105</td>\n",
       "      <td>-0.056217</td>\n",
       "      <td>0.481506</td>\n",
       "      <td>-0.026530</td>\n",
       "      <td>0.051694</td>\n",
       "      <td>-0.083128</td>\n",
       "      <td>0.277429</td>\n",
       "      <td>-0.036421</td>\n",
       "      <td>0.091336</td>\n",
       "      <td>-0.071616</td>\n",
       "      <td>0.564829</td>\n",
       "      <td>-0.014543</td>\n",
       "      <td>-0.007780</td>\n",
       "      <td>-0.064369</td>\n",
       "      <td>0.508130</td>\n",
       "      <td>-0.087640</td>\n",
       "      <td>1.000000</td>\n",
       "    </tr>\n",
       "  </tbody>\n",
       "</table>\n",
       "</div>"
      ],
      "text/plain": [
       "           WTSB2YR   LBXPFDE  LBDPFDEL   LBXPFHS  LBDPFHSL   LBXMPAH  \\\n",
       "WTSB2YR   1.000000 -0.057078 -0.038925 -0.009589 -0.026496 -0.011288   \n",
       "LBXPFDE  -0.057078  1.000000 -0.201507  0.133904 -0.036122  0.105230   \n",
       "LBDPFDEL -0.038925 -0.201507  1.000000 -0.114021  0.170727 -0.061466   \n",
       "LBXPFHS  -0.009589  0.133904 -0.114021  1.000000 -0.052724  0.071096   \n",
       "LBDPFHSL -0.026496 -0.036122  0.170727 -0.052724  1.000000 -0.025762   \n",
       "LBXMPAH  -0.011288  0.105230 -0.061466  0.071096 -0.025762  1.000000   \n",
       "LBDMPAHL -0.042757 -0.069084  0.165554 -0.061631  0.073136 -0.338707   \n",
       "LBXPFNA  -0.008649  0.667573 -0.263935  0.213898 -0.067991  0.187789   \n",
       "LBDPFNAL -0.022725 -0.143093  0.494405 -0.113879  0.192800 -0.088334   \n",
       "LBXPFUA  -0.094165  0.831445 -0.154302  0.192058 -0.026555  0.075416   \n",
       "LBDPFUAL -0.009103 -0.305095  0.452866 -0.083236  0.061358 -0.060042   \n",
       "LBXNFOA   0.018409  0.336893 -0.166541  0.440998 -0.064774  0.101672   \n",
       "LBDNFOAL -0.027582 -0.034069  0.169071 -0.038520  0.627278 -0.023667   \n",
       "LBXBFOA  -0.002378 -0.000130 -0.033849  0.009723  0.011692  0.066845   \n",
       "LBDBFOAL  0.012419 -0.000433  0.003819  0.018145 -0.057273 -0.015102   \n",
       "LBXNFOS  -0.091077  0.689337 -0.185722  0.300094 -0.055458  0.230324   \n",
       "LBDNFOSL -0.026600 -0.031534  0.156489 -0.035753  0.678129 -0.021770   \n",
       "LBXMFOS  -0.021651  0.391998 -0.208064  0.344314 -0.076492  0.314731   \n",
       "LBDMFOSL -0.032105 -0.050676  0.220105 -0.056217  0.481506 -0.026530   \n",
       "\n",
       "          LBDMPAHL   LBXPFNA  LBDPFNAL   LBXPFUA  LBDPFUAL   LBXNFOA  \\\n",
       "WTSB2YR  -0.042757 -0.008649 -0.022725 -0.094165 -0.009103  0.018409   \n",
       "LBXPFDE  -0.069084  0.667573 -0.143093  0.831445 -0.305095  0.336893   \n",
       "LBDPFDEL  0.165554 -0.263935  0.494405 -0.154302  0.452866 -0.166541   \n",
       "LBXPFHS  -0.061631  0.213898 -0.113879  0.192058 -0.083236  0.440998   \n",
       "LBDPFHSL  0.073136 -0.067991  0.192800 -0.026555  0.061358 -0.064774   \n",
       "LBXMPAH  -0.338707  0.187789 -0.088334  0.075416 -0.060042  0.101672   \n",
       "LBDMPAHL  1.000000 -0.120590  0.150404 -0.031743  0.099624 -0.063364   \n",
       "LBXPFNA  -0.120590  1.000000 -0.264386  0.628809 -0.355967  0.457874   \n",
       "LBDPFNAL  0.150404 -0.264386  1.000000 -0.116251  0.293807 -0.164761   \n",
       "LBXPFUA  -0.031743  0.628809 -0.116251  1.000000 -0.317164  0.351424   \n",
       "LBDPFUAL  0.099624 -0.355967  0.293807 -0.317164  1.000000 -0.172888   \n",
       "LBXNFOA  -0.063364  0.457874 -0.164761  0.351424 -0.172888  1.000000   \n",
       "LBDNFOAL  0.054932 -0.055966  0.211683 -0.025734  0.065961 -0.051830   \n",
       "LBXBFOA  -0.038321  0.013634 -0.027985 -0.003356  0.004372  0.060506   \n",
       "LBDBFOAL  0.033915  0.022975  0.022542  0.003888 -0.028542 -0.009097   \n",
       "LBXNFOS  -0.130783  0.561441 -0.161985  0.617804 -0.263993  0.251810   \n",
       "LBDNFOSL  0.048139 -0.051801  0.195929 -0.024708  0.077902 -0.047819   \n",
       "LBXMFOS  -0.193334  0.494271 -0.210846  0.306994 -0.226124  0.353510   \n",
       "LBDMFOSL  0.051694 -0.083128  0.277429 -0.036421  0.091336 -0.071616   \n",
       "\n",
       "          LBDNFOAL   LBXBFOA  LBDBFOAL   LBXNFOS  LBDNFOSL   LBXMFOS  LBDMFOSL  \n",
       "WTSB2YR  -0.027582 -0.002378  0.012419 -0.091077 -0.026600 -0.021651 -0.032105  \n",
       "LBXPFDE  -0.034069 -0.000130 -0.000433  0.689337 -0.031534  0.391998 -0.050676  \n",
       "LBDPFDEL  0.169071 -0.033849  0.003819 -0.185722  0.156489 -0.208064  0.220105  \n",
       "LBXPFHS  -0.038520  0.009723  0.018145  0.300094 -0.035753  0.344314 -0.056217  \n",
       "LBDPFHSL  0.627278  0.011692 -0.057273 -0.055458  0.678129 -0.076492  0.481506  \n",
       "LBXMPAH  -0.023667  0.066845 -0.015102  0.230324 -0.021770  0.314731 -0.026530  \n",
       "LBDMPAHL  0.054932 -0.038321  0.033915 -0.130783  0.048139 -0.193334  0.051694  \n",
       "LBXPFNA  -0.055966  0.013634  0.022975  0.561441 -0.051801  0.494271 -0.083128  \n",
       "LBDPFNAL  0.211683 -0.027985  0.022542 -0.161985  0.195929 -0.210846  0.277429  \n",
       "LBXPFUA  -0.025734 -0.003356  0.003888  0.617804 -0.024708  0.306994 -0.036421  \n",
       "LBDPFUAL  0.065961  0.004372 -0.028542 -0.263993  0.077902 -0.226124  0.091336  \n",
       "LBXNFOA  -0.051830  0.060506 -0.009097  0.251810 -0.047819  0.353510 -0.071616  \n",
       "LBDNFOAL  1.000000  0.002960 -0.066328 -0.043746  0.770754 -0.057686  0.564829  \n",
       "LBXBFOA   0.002960  1.000000 -0.735996 -0.012560 -0.000906  0.009764 -0.014543  \n",
       "LBDBFOAL -0.066328 -0.735996  1.000000  0.033794 -0.043623  0.025606 -0.007780  \n",
       "LBXNFOS  -0.043746 -0.012560  0.033794  1.000000 -0.040689  0.680226 -0.064369  \n",
       "LBDNFOSL  0.770754 -0.000906 -0.043623 -0.040689  1.000000 -0.053370  0.508130  \n",
       "LBXMFOS  -0.057686  0.009764  0.025606  0.680226 -0.053370  1.000000 -0.087640  \n",
       "LBDMFOSL  0.564829 -0.014543 -0.007780 -0.064369  0.508130 -0.087640  1.000000  "
      ]
     },
     "metadata": {},
     "output_type": "display_data"
    },
    {
     "name": "stdout",
     "output_type": "stream",
     "text": [
      "Filtered Pearson Correlation Coefficient Values\n"
     ]
    },
    {
     "data": {
      "text/html": [
       "<div>\n",
       "<style scoped>\n",
       "    .dataframe tbody tr th:only-of-type {\n",
       "        vertical-align: middle;\n",
       "    }\n",
       "\n",
       "    .dataframe tbody tr th {\n",
       "        vertical-align: top;\n",
       "    }\n",
       "\n",
       "    .dataframe thead th {\n",
       "        text-align: right;\n",
       "    }\n",
       "</style>\n",
       "<table border=\"1\" class=\"dataframe\">\n",
       "  <thead>\n",
       "    <tr style=\"text-align: right;\">\n",
       "      <th></th>\n",
       "      <th>WTSB2YR</th>\n",
       "      <th>LBXPFDE</th>\n",
       "      <th>LBDPFDEL</th>\n",
       "      <th>LBXPFHS</th>\n",
       "      <th>LBDPFHSL</th>\n",
       "      <th>LBXMPAH</th>\n",
       "      <th>LBDMPAHL</th>\n",
       "      <th>LBXPFNA</th>\n",
       "      <th>LBDPFNAL</th>\n",
       "      <th>LBXPFUA</th>\n",
       "      <th>LBDPFUAL</th>\n",
       "      <th>LBXNFOA</th>\n",
       "      <th>LBDNFOAL</th>\n",
       "      <th>LBXBFOA</th>\n",
       "      <th>LBDBFOAL</th>\n",
       "      <th>LBXNFOS</th>\n",
       "      <th>LBDNFOSL</th>\n",
       "      <th>LBXMFOS</th>\n",
       "      <th>LBDMFOSL</th>\n",
       "    </tr>\n",
       "  </thead>\n",
       "  <tbody>\n",
       "    <tr>\n",
       "      <th>WTSB2YR</th>\n",
       "      <td>NaN</td>\n",
       "      <td>NaN</td>\n",
       "      <td>NaN</td>\n",
       "      <td>NaN</td>\n",
       "      <td>NaN</td>\n",
       "      <td>NaN</td>\n",
       "      <td>NaN</td>\n",
       "      <td>NaN</td>\n",
       "      <td>NaN</td>\n",
       "      <td>NaN</td>\n",
       "      <td>NaN</td>\n",
       "      <td>NaN</td>\n",
       "      <td>NaN</td>\n",
       "      <td>NaN</td>\n",
       "      <td>NaN</td>\n",
       "      <td>NaN</td>\n",
       "      <td>NaN</td>\n",
       "      <td>NaN</td>\n",
       "      <td>NaN</td>\n",
       "    </tr>\n",
       "    <tr>\n",
       "      <th>LBXPFDE</th>\n",
       "      <td>NaN</td>\n",
       "      <td>NaN</td>\n",
       "      <td>NaN</td>\n",
       "      <td>NaN</td>\n",
       "      <td>NaN</td>\n",
       "      <td>NaN</td>\n",
       "      <td>NaN</td>\n",
       "      <td>0.667573</td>\n",
       "      <td>NaN</td>\n",
       "      <td>0.831445</td>\n",
       "      <td>NaN</td>\n",
       "      <td>NaN</td>\n",
       "      <td>NaN</td>\n",
       "      <td>NaN</td>\n",
       "      <td>NaN</td>\n",
       "      <td>0.689337</td>\n",
       "      <td>NaN</td>\n",
       "      <td>NaN</td>\n",
       "      <td>NaN</td>\n",
       "    </tr>\n",
       "    <tr>\n",
       "      <th>LBDPFDEL</th>\n",
       "      <td>NaN</td>\n",
       "      <td>NaN</td>\n",
       "      <td>NaN</td>\n",
       "      <td>NaN</td>\n",
       "      <td>NaN</td>\n",
       "      <td>NaN</td>\n",
       "      <td>NaN</td>\n",
       "      <td>NaN</td>\n",
       "      <td>NaN</td>\n",
       "      <td>NaN</td>\n",
       "      <td>NaN</td>\n",
       "      <td>NaN</td>\n",
       "      <td>NaN</td>\n",
       "      <td>NaN</td>\n",
       "      <td>NaN</td>\n",
       "      <td>NaN</td>\n",
       "      <td>NaN</td>\n",
       "      <td>NaN</td>\n",
       "      <td>NaN</td>\n",
       "    </tr>\n",
       "    <tr>\n",
       "      <th>LBXPFHS</th>\n",
       "      <td>NaN</td>\n",
       "      <td>NaN</td>\n",
       "      <td>NaN</td>\n",
       "      <td>NaN</td>\n",
       "      <td>NaN</td>\n",
       "      <td>NaN</td>\n",
       "      <td>NaN</td>\n",
       "      <td>NaN</td>\n",
       "      <td>NaN</td>\n",
       "      <td>NaN</td>\n",
       "      <td>NaN</td>\n",
       "      <td>NaN</td>\n",
       "      <td>NaN</td>\n",
       "      <td>NaN</td>\n",
       "      <td>NaN</td>\n",
       "      <td>NaN</td>\n",
       "      <td>NaN</td>\n",
       "      <td>NaN</td>\n",
       "      <td>NaN</td>\n",
       "    </tr>\n",
       "    <tr>\n",
       "      <th>LBDPFHSL</th>\n",
       "      <td>NaN</td>\n",
       "      <td>NaN</td>\n",
       "      <td>NaN</td>\n",
       "      <td>NaN</td>\n",
       "      <td>NaN</td>\n",
       "      <td>NaN</td>\n",
       "      <td>NaN</td>\n",
       "      <td>NaN</td>\n",
       "      <td>NaN</td>\n",
       "      <td>NaN</td>\n",
       "      <td>NaN</td>\n",
       "      <td>NaN</td>\n",
       "      <td>0.627278</td>\n",
       "      <td>NaN</td>\n",
       "      <td>NaN</td>\n",
       "      <td>NaN</td>\n",
       "      <td>0.678129</td>\n",
       "      <td>NaN</td>\n",
       "      <td>NaN</td>\n",
       "    </tr>\n",
       "    <tr>\n",
       "      <th>LBXMPAH</th>\n",
       "      <td>NaN</td>\n",
       "      <td>NaN</td>\n",
       "      <td>NaN</td>\n",
       "      <td>NaN</td>\n",
       "      <td>NaN</td>\n",
       "      <td>NaN</td>\n",
       "      <td>NaN</td>\n",
       "      <td>NaN</td>\n",
       "      <td>NaN</td>\n",
       "      <td>NaN</td>\n",
       "      <td>NaN</td>\n",
       "      <td>NaN</td>\n",
       "      <td>NaN</td>\n",
       "      <td>NaN</td>\n",
       "      <td>NaN</td>\n",
       "      <td>NaN</td>\n",
       "      <td>NaN</td>\n",
       "      <td>NaN</td>\n",
       "      <td>NaN</td>\n",
       "    </tr>\n",
       "    <tr>\n",
       "      <th>LBDMPAHL</th>\n",
       "      <td>NaN</td>\n",
       "      <td>NaN</td>\n",
       "      <td>NaN</td>\n",
       "      <td>NaN</td>\n",
       "      <td>NaN</td>\n",
       "      <td>NaN</td>\n",
       "      <td>NaN</td>\n",
       "      <td>NaN</td>\n",
       "      <td>NaN</td>\n",
       "      <td>NaN</td>\n",
       "      <td>NaN</td>\n",
       "      <td>NaN</td>\n",
       "      <td>NaN</td>\n",
       "      <td>NaN</td>\n",
       "      <td>NaN</td>\n",
       "      <td>NaN</td>\n",
       "      <td>NaN</td>\n",
       "      <td>NaN</td>\n",
       "      <td>NaN</td>\n",
       "    </tr>\n",
       "    <tr>\n",
       "      <th>LBXPFNA</th>\n",
       "      <td>NaN</td>\n",
       "      <td>0.667573</td>\n",
       "      <td>NaN</td>\n",
       "      <td>NaN</td>\n",
       "      <td>NaN</td>\n",
       "      <td>NaN</td>\n",
       "      <td>NaN</td>\n",
       "      <td>NaN</td>\n",
       "      <td>NaN</td>\n",
       "      <td>0.628809</td>\n",
       "      <td>NaN</td>\n",
       "      <td>NaN</td>\n",
       "      <td>NaN</td>\n",
       "      <td>NaN</td>\n",
       "      <td>NaN</td>\n",
       "      <td>0.561441</td>\n",
       "      <td>NaN</td>\n",
       "      <td>NaN</td>\n",
       "      <td>NaN</td>\n",
       "    </tr>\n",
       "    <tr>\n",
       "      <th>LBDPFNAL</th>\n",
       "      <td>NaN</td>\n",
       "      <td>NaN</td>\n",
       "      <td>NaN</td>\n",
       "      <td>NaN</td>\n",
       "      <td>NaN</td>\n",
       "      <td>NaN</td>\n",
       "      <td>NaN</td>\n",
       "      <td>NaN</td>\n",
       "      <td>NaN</td>\n",
       "      <td>NaN</td>\n",
       "      <td>NaN</td>\n",
       "      <td>NaN</td>\n",
       "      <td>NaN</td>\n",
       "      <td>NaN</td>\n",
       "      <td>NaN</td>\n",
       "      <td>NaN</td>\n",
       "      <td>NaN</td>\n",
       "      <td>NaN</td>\n",
       "      <td>NaN</td>\n",
       "    </tr>\n",
       "    <tr>\n",
       "      <th>LBXPFUA</th>\n",
       "      <td>NaN</td>\n",
       "      <td>0.831445</td>\n",
       "      <td>NaN</td>\n",
       "      <td>NaN</td>\n",
       "      <td>NaN</td>\n",
       "      <td>NaN</td>\n",
       "      <td>NaN</td>\n",
       "      <td>0.628809</td>\n",
       "      <td>NaN</td>\n",
       "      <td>NaN</td>\n",
       "      <td>NaN</td>\n",
       "      <td>NaN</td>\n",
       "      <td>NaN</td>\n",
       "      <td>NaN</td>\n",
       "      <td>NaN</td>\n",
       "      <td>0.617804</td>\n",
       "      <td>NaN</td>\n",
       "      <td>NaN</td>\n",
       "      <td>NaN</td>\n",
       "    </tr>\n",
       "    <tr>\n",
       "      <th>LBDPFUAL</th>\n",
       "      <td>NaN</td>\n",
       "      <td>NaN</td>\n",
       "      <td>NaN</td>\n",
       "      <td>NaN</td>\n",
       "      <td>NaN</td>\n",
       "      <td>NaN</td>\n",
       "      <td>NaN</td>\n",
       "      <td>NaN</td>\n",
       "      <td>NaN</td>\n",
       "      <td>NaN</td>\n",
       "      <td>NaN</td>\n",
       "      <td>NaN</td>\n",
       "      <td>NaN</td>\n",
       "      <td>NaN</td>\n",
       "      <td>NaN</td>\n",
       "      <td>NaN</td>\n",
       "      <td>NaN</td>\n",
       "      <td>NaN</td>\n",
       "      <td>NaN</td>\n",
       "    </tr>\n",
       "    <tr>\n",
       "      <th>LBXNFOA</th>\n",
       "      <td>NaN</td>\n",
       "      <td>NaN</td>\n",
       "      <td>NaN</td>\n",
       "      <td>NaN</td>\n",
       "      <td>NaN</td>\n",
       "      <td>NaN</td>\n",
       "      <td>NaN</td>\n",
       "      <td>NaN</td>\n",
       "      <td>NaN</td>\n",
       "      <td>NaN</td>\n",
       "      <td>NaN</td>\n",
       "      <td>NaN</td>\n",
       "      <td>NaN</td>\n",
       "      <td>NaN</td>\n",
       "      <td>NaN</td>\n",
       "      <td>NaN</td>\n",
       "      <td>NaN</td>\n",
       "      <td>NaN</td>\n",
       "      <td>NaN</td>\n",
       "    </tr>\n",
       "    <tr>\n",
       "      <th>LBDNFOAL</th>\n",
       "      <td>NaN</td>\n",
       "      <td>NaN</td>\n",
       "      <td>NaN</td>\n",
       "      <td>NaN</td>\n",
       "      <td>0.627278</td>\n",
       "      <td>NaN</td>\n",
       "      <td>NaN</td>\n",
       "      <td>NaN</td>\n",
       "      <td>NaN</td>\n",
       "      <td>NaN</td>\n",
       "      <td>NaN</td>\n",
       "      <td>NaN</td>\n",
       "      <td>NaN</td>\n",
       "      <td>NaN</td>\n",
       "      <td>NaN</td>\n",
       "      <td>NaN</td>\n",
       "      <td>0.770754</td>\n",
       "      <td>NaN</td>\n",
       "      <td>0.564829</td>\n",
       "    </tr>\n",
       "    <tr>\n",
       "      <th>LBXBFOA</th>\n",
       "      <td>NaN</td>\n",
       "      <td>NaN</td>\n",
       "      <td>NaN</td>\n",
       "      <td>NaN</td>\n",
       "      <td>NaN</td>\n",
       "      <td>NaN</td>\n",
       "      <td>NaN</td>\n",
       "      <td>NaN</td>\n",
       "      <td>NaN</td>\n",
       "      <td>NaN</td>\n",
       "      <td>NaN</td>\n",
       "      <td>NaN</td>\n",
       "      <td>NaN</td>\n",
       "      <td>NaN</td>\n",
       "      <td>NaN</td>\n",
       "      <td>NaN</td>\n",
       "      <td>NaN</td>\n",
       "      <td>NaN</td>\n",
       "      <td>NaN</td>\n",
       "    </tr>\n",
       "    <tr>\n",
       "      <th>LBDBFOAL</th>\n",
       "      <td>NaN</td>\n",
       "      <td>NaN</td>\n",
       "      <td>NaN</td>\n",
       "      <td>NaN</td>\n",
       "      <td>NaN</td>\n",
       "      <td>NaN</td>\n",
       "      <td>NaN</td>\n",
       "      <td>NaN</td>\n",
       "      <td>NaN</td>\n",
       "      <td>NaN</td>\n",
       "      <td>NaN</td>\n",
       "      <td>NaN</td>\n",
       "      <td>NaN</td>\n",
       "      <td>NaN</td>\n",
       "      <td>NaN</td>\n",
       "      <td>NaN</td>\n",
       "      <td>NaN</td>\n",
       "      <td>NaN</td>\n",
       "      <td>NaN</td>\n",
       "    </tr>\n",
       "    <tr>\n",
       "      <th>LBXNFOS</th>\n",
       "      <td>NaN</td>\n",
       "      <td>0.689337</td>\n",
       "      <td>NaN</td>\n",
       "      <td>NaN</td>\n",
       "      <td>NaN</td>\n",
       "      <td>NaN</td>\n",
       "      <td>NaN</td>\n",
       "      <td>0.561441</td>\n",
       "      <td>NaN</td>\n",
       "      <td>0.617804</td>\n",
       "      <td>NaN</td>\n",
       "      <td>NaN</td>\n",
       "      <td>NaN</td>\n",
       "      <td>NaN</td>\n",
       "      <td>NaN</td>\n",
       "      <td>NaN</td>\n",
       "      <td>NaN</td>\n",
       "      <td>0.680226</td>\n",
       "      <td>NaN</td>\n",
       "    </tr>\n",
       "    <tr>\n",
       "      <th>LBDNFOSL</th>\n",
       "      <td>NaN</td>\n",
       "      <td>NaN</td>\n",
       "      <td>NaN</td>\n",
       "      <td>NaN</td>\n",
       "      <td>0.678129</td>\n",
       "      <td>NaN</td>\n",
       "      <td>NaN</td>\n",
       "      <td>NaN</td>\n",
       "      <td>NaN</td>\n",
       "      <td>NaN</td>\n",
       "      <td>NaN</td>\n",
       "      <td>NaN</td>\n",
       "      <td>0.770754</td>\n",
       "      <td>NaN</td>\n",
       "      <td>NaN</td>\n",
       "      <td>NaN</td>\n",
       "      <td>NaN</td>\n",
       "      <td>NaN</td>\n",
       "      <td>0.508130</td>\n",
       "    </tr>\n",
       "    <tr>\n",
       "      <th>LBXMFOS</th>\n",
       "      <td>NaN</td>\n",
       "      <td>NaN</td>\n",
       "      <td>NaN</td>\n",
       "      <td>NaN</td>\n",
       "      <td>NaN</td>\n",
       "      <td>NaN</td>\n",
       "      <td>NaN</td>\n",
       "      <td>NaN</td>\n",
       "      <td>NaN</td>\n",
       "      <td>NaN</td>\n",
       "      <td>NaN</td>\n",
       "      <td>NaN</td>\n",
       "      <td>NaN</td>\n",
       "      <td>NaN</td>\n",
       "      <td>NaN</td>\n",
       "      <td>0.680226</td>\n",
       "      <td>NaN</td>\n",
       "      <td>NaN</td>\n",
       "      <td>NaN</td>\n",
       "    </tr>\n",
       "    <tr>\n",
       "      <th>LBDMFOSL</th>\n",
       "      <td>NaN</td>\n",
       "      <td>NaN</td>\n",
       "      <td>NaN</td>\n",
       "      <td>NaN</td>\n",
       "      <td>NaN</td>\n",
       "      <td>NaN</td>\n",
       "      <td>NaN</td>\n",
       "      <td>NaN</td>\n",
       "      <td>NaN</td>\n",
       "      <td>NaN</td>\n",
       "      <td>NaN</td>\n",
       "      <td>NaN</td>\n",
       "      <td>0.564829</td>\n",
       "      <td>NaN</td>\n",
       "      <td>NaN</td>\n",
       "      <td>NaN</td>\n",
       "      <td>0.508130</td>\n",
       "      <td>NaN</td>\n",
       "      <td>NaN</td>\n",
       "    </tr>\n",
       "  </tbody>\n",
       "</table>\n",
       "</div>"
      ],
      "text/plain": [
       "          WTSB2YR   LBXPFDE  LBDPFDEL  LBXPFHS  LBDPFHSL  LBXMPAH  LBDMPAHL  \\\n",
       "WTSB2YR       NaN       NaN       NaN      NaN       NaN      NaN       NaN   \n",
       "LBXPFDE       NaN       NaN       NaN      NaN       NaN      NaN       NaN   \n",
       "LBDPFDEL      NaN       NaN       NaN      NaN       NaN      NaN       NaN   \n",
       "LBXPFHS       NaN       NaN       NaN      NaN       NaN      NaN       NaN   \n",
       "LBDPFHSL      NaN       NaN       NaN      NaN       NaN      NaN       NaN   \n",
       "LBXMPAH       NaN       NaN       NaN      NaN       NaN      NaN       NaN   \n",
       "LBDMPAHL      NaN       NaN       NaN      NaN       NaN      NaN       NaN   \n",
       "LBXPFNA       NaN  0.667573       NaN      NaN       NaN      NaN       NaN   \n",
       "LBDPFNAL      NaN       NaN       NaN      NaN       NaN      NaN       NaN   \n",
       "LBXPFUA       NaN  0.831445       NaN      NaN       NaN      NaN       NaN   \n",
       "LBDPFUAL      NaN       NaN       NaN      NaN       NaN      NaN       NaN   \n",
       "LBXNFOA       NaN       NaN       NaN      NaN       NaN      NaN       NaN   \n",
       "LBDNFOAL      NaN       NaN       NaN      NaN  0.627278      NaN       NaN   \n",
       "LBXBFOA       NaN       NaN       NaN      NaN       NaN      NaN       NaN   \n",
       "LBDBFOAL      NaN       NaN       NaN      NaN       NaN      NaN       NaN   \n",
       "LBXNFOS       NaN  0.689337       NaN      NaN       NaN      NaN       NaN   \n",
       "LBDNFOSL      NaN       NaN       NaN      NaN  0.678129      NaN       NaN   \n",
       "LBXMFOS       NaN       NaN       NaN      NaN       NaN      NaN       NaN   \n",
       "LBDMFOSL      NaN       NaN       NaN      NaN       NaN      NaN       NaN   \n",
       "\n",
       "           LBXPFNA  LBDPFNAL   LBXPFUA  LBDPFUAL  LBXNFOA  LBDNFOAL  LBXBFOA  \\\n",
       "WTSB2YR        NaN       NaN       NaN       NaN      NaN       NaN      NaN   \n",
       "LBXPFDE   0.667573       NaN  0.831445       NaN      NaN       NaN      NaN   \n",
       "LBDPFDEL       NaN       NaN       NaN       NaN      NaN       NaN      NaN   \n",
       "LBXPFHS        NaN       NaN       NaN       NaN      NaN       NaN      NaN   \n",
       "LBDPFHSL       NaN       NaN       NaN       NaN      NaN  0.627278      NaN   \n",
       "LBXMPAH        NaN       NaN       NaN       NaN      NaN       NaN      NaN   \n",
       "LBDMPAHL       NaN       NaN       NaN       NaN      NaN       NaN      NaN   \n",
       "LBXPFNA        NaN       NaN  0.628809       NaN      NaN       NaN      NaN   \n",
       "LBDPFNAL       NaN       NaN       NaN       NaN      NaN       NaN      NaN   \n",
       "LBXPFUA   0.628809       NaN       NaN       NaN      NaN       NaN      NaN   \n",
       "LBDPFUAL       NaN       NaN       NaN       NaN      NaN       NaN      NaN   \n",
       "LBXNFOA        NaN       NaN       NaN       NaN      NaN       NaN      NaN   \n",
       "LBDNFOAL       NaN       NaN       NaN       NaN      NaN       NaN      NaN   \n",
       "LBXBFOA        NaN       NaN       NaN       NaN      NaN       NaN      NaN   \n",
       "LBDBFOAL       NaN       NaN       NaN       NaN      NaN       NaN      NaN   \n",
       "LBXNFOS   0.561441       NaN  0.617804       NaN      NaN       NaN      NaN   \n",
       "LBDNFOSL       NaN       NaN       NaN       NaN      NaN  0.770754      NaN   \n",
